4613
238
8929
4830
7161
429
627
4681
23095
389421
7153
51594
57531
4893
284565
84224
473
653149
148545
4004
25832
400818
100132406
200030
149013
100288142
100996717
101060684
2026
4914
169714
7157
6855
1653
4803
10277
7813
50651
7432
10620
3688
836
3815
3785
7054
4915
9211
84432
23261
378708
2932
6790
1499
960
8507
4804
148753
7133
8842
841
4889
5621
4808
2048
5320
1325
10480
11230
9266
4609
837
3992
5528
2672
80381
4807
11013
26038
10439
1020
984
27101
538
142
842
728642
2719
207
54205
8313
9625
257
4684
3827
10234
10985
9249
4067
5168
3848
9743
952
89797
2260
3756
1272
8621
3104
78986
23125
10659
64324
5979
3481
2239
2668
5894
1908
6390
4292
4436
2956
673
5781
861
5395
54888
5925
3981
1028
6497
2563
63976
79728
8514
203068
1113
1026
308
1440
2670
6285
157680
5594
6752
2130
5788
4193
1029
595
2209
5534
84059
2146
4852
6750
1027
1019
5860
890
6714
1017
1869
23545
23203
10982
5468
6421
547
580
4149
9423
3558
3065
5933
3485
9212
3456
5458
25805
894
5443
5934
5176
7799
6389
6392
2072
2177
55215
9564
896
1874
5928
7027
5926
81609
596
6606
5728
54897
7262
85569
675
2271
83990
2175
2176
6391
29089
2178
55120
2189
2188
5889
57697
54949
2187
55654
84464
1910
891
1392
2167
6872
2817
1871
5932
10082
1870
5931
2262
5927
5929
5930
9885
5949
26031
114881
10741
2896
351
4293
29
2833
7422
3621
3479
5590
7490
324
2821
6609
190
5077
4221
10664
8731
6711
4094
5378
4676
4283
55811
4985
7124
1021
581
4137
332
8743
2596
3091
5526
54986
55536
64764
51072
79026
5599
43
5243
2353
3458
10000
60
71
5573
5972
1586
10673
3684
2516
3784
6833
1583
3350
6770
8741
7136
1584
3627
4928
6402
1589
11019
5325
5116
1301
89910
50640
10810
4239
27286
55655
6373
5002
6496
9820
8510
56623
79977
29850
346171
2218
93166
9651
430
10077
57465
254827
23363
6150
10078
55966
79650
83992
7798
7761
339451
7762
5003
728378
29125
3725
6622
283150
27237
7852
5578
1103
4363
1621
598
1385
6530
1270
90060
1432
4988
1131
4842
5915
3480
6647
5743
355
4133
116
1956
5294
6648
1958
5595
5663
6774
7431
2247
4953
2922
4082
1902
50964
51050
51286
78997
4318
4916
5914
1676
3398
10908
4313
5602
4323
847
5747
2034
6387
2925
4724
2099
3791
4790
1950
7015
3569
6464
11186
349667
3265
2885
5295
1906
1674
4780
1649
5917
2056
4605
3489
4131
7857
84129
51244
2950
835
5111
2936
1728
3320
3359
4908
240
3976
1812
3956
133
2309
8660
1033
1996
5159
834
998
6531
5879
356
331
9131
4843
3251
5739
4763
56616
6667
10018
5027
983
4744
9734
6502
4987
4254
2735
7357
3488
53358
10763
889
5368
5604
3643
2475
4792
840
4170
5742
948
818
3553
5460
3339
3309
8837
1128
3958
274
1641
4909
239
5978
3487
4922
9377
5550
4100
1809
3429
781
7074
782
3937
10553
89795
80816
56252
143570
5156
5290
2321
7040
1509
4311
6198
3162
6469
5579
6616
823
2902
774
843
824
1813
7052
5052
387
3630
317
7037
637
2770
23621
1191
1268
3667
8829
7295
2547
6657
23405
3146
796
4192
648
2002
5140
7020
8788
4747
1431
7077
51083
1382
3308
6233
1381
1677
23705
1907
334
8434
9118
4851
10381
1000
6868
5970
100
1508
5581
4602
2023
7376
8795
383
3757
87
2057
857
5916
2149
4255
4000
2778
5465
3329
3313
7150
4282
231
7424
7299
7057
4986
4155
3164
4128
8647
1386
1030
3897
5008
3303
4176
654
1647
22943
1808
3397
5817
4129
2583
10397
8793
5789
23028
6546
3064
4741
4887
1114
64781
5173
4601
401
4015
1384
51428
5629
885
6891
51144
4211
333
92140
8543
57498
55735
84892
2064
164832
208
2324
5328
102
999
1111
3716
567
1977
811
3315
10013
191
91
5347
2246
6256
2746
5230
2597
5321
8600
2100
4982
4217
3312
6678
8398
5335
5338
768
3611
8772
135
476
3105
3356
6709
6241
6697
8626
3416
3552
551
4869
2042
4035
4001
9314
8737
117
1072
4878
3156
821
3106
5610
7086
3135
578
2771
3159
4929
4099
7423
7428
2152
7465
3384
25824
6571
10165
1633
283
1132
5774
6576
1394
29072
10988
1814
5538
9531
9900
3280
7448
1948
864
27087
5701
868
8874
5764
8828
29979
10376
706
2214
831
4758
1201
6194
3070
1271
6277
1032
10643
5195
3727
6572
3726
79444
8128
287
5630
1627
3375
2889
7903
1993
327
9961
4902
7425
7709
4904
79084
3576
29984
57007
27430
142679
137970
27161
4130
4102
54674
1995
9168
141
8744
57633
55885
594855
135112
3223
5540
55665
10399
54881
8620
10626
4610
1485
4898
3803
5580
2066
472
6772
3932
3717
1969
2264
2322
1644
846
7098
1786
3418
1147
1457
2335
2903
2697
213
3066
3172
2534
1312
1785
5563
348
6093
1909
5601
5160
7018
290
5591
3678
995
488
4854
2185
5291
9451
2904
6777
839
1129
5034
7276
7345
7415
3845
5155
9429
7874
7132
650
5727
3570
3708
1938
8678
2539
7042
6696
1459
7442
4214
2625
572
3099
5732
1234
958
10257
7167
7498
26227
7416
5598
10971
5327
898
6261
6776
329
5337
3676
3371
466
7534
468
3952
2150
216
7433
285
1025
1374
284
478
5733
3615
462
81
3735
7471
1612
7076
302
6566
6857
8851
1022
10855
3675
5921
6890
1889
814
3297
5901
1965
7430
29968
8766
5287
8714
5371
7078
9588
1737
10059
6938
328
3061
2212
1139
3178
624
489
3624
3562
23435
10891
3612
2905
2906
10746
4204
1152
3659
9353
5315
151
246
2897
728
6652
8321
2
5141
7514
7385
5048
7283
4057
3978
2237
1435
10560
2517
1437
5521
6929
6925
7039
3728
7045
871
2308
7049
9415
5649
6117
9021
3606
2900
2010
942
682
3107
5577
5162
177
1915
5245
52
2035
3925
25942
7051
405
10371
3660
29108
2272
1143
2729
2944
3181
8493
2674
7155
5223
7358
5019
3484
1500
5250
1650
54822
5981
3190
1031
6598
4151
858
241
2782
3645
11091
23193
1592
292
6510
6400
8805
4134
3059
4049
10419
4288
546
5724
6184
904
10630
3959
7515
1946
5031
6863
4005
10588
9217
3077
5351
5697
1371
6376
1615
7053
3060
3399
84676
10155
5813
214
941
3600
64223
664
5705
6311
11009
6892
6715
5910
4899
4691
5354
4277
22914
10211
444
5030
57216
5110
79923
54474
2664
7447
7417
293
5270
8402
23446
10818
3700
3672
5700
1656
8813
643
54790
900
4739
8289
10735
8161
6670
10886
230
5020
7375
10894
57510
2796
7030
9524
1468
10657
29927
6051
645
116444
6185
25937
6741
8549
7292
4297
5366
1618
11075
4249
1400
3811
79751
1982
5706
813
10128
9464
1660
3439
5989
5707
26118
10611
3692
1434
4212
10592
8886
27122
1937
83593
116443
23152
23122
3189
64220
3316
5179
3267
7517
8570
10989
8560
23237
8548
79633
550
11160
27436
86
8567
57447
2014
6375
8458
9354
121504
285195
94081
6252
146664
10067
55388
9183
30010
23126
26523
3804
79809
4666
5132
10466
81855
4084
3225
1047
10212
4081
5457
23165
55074
84364
3802
5367
79748
376267
10844
51364
54431
60561
10153
3231
5524
2907
55161
84684
6343
65244
2277
7468
84502
84272
84891
64921
79969
23266
51495
55511
81688
54529
163255
56985
58497
201158
64762
100132285
150946
2263
5293
3082
2065
6513
1576
3417
6197
2908
3949
7421
7099
7048
4921
6195
185
4846
5588
3939
3383
132
3098
867
2033
2194
7329
5054
5584
3690
6331
3689
4751
4316
5479
920
9759
7480
1387
1588
1759
23411
1738
217
2554
5745
1978
8878
120892
183
613
558
4853
718
672
5340
1277
5478
1636
153
4772
815
2890
5606
1244
3953
5170
9475
7474
7531
2147
8841
4089
5696
5213
10298
2571
6347
1452
1513
6507
5045
6532
3685
1789
7068
1832
3276
3565
5447
590
875
3567
3614
799
5792
3163
5618
2548
2113
7473
226
5062
19
5163
7533
7529
7337
7249
54106
1490
1445
6506
6794
29110
1137
5289
5562
2101
2629
1859
4771
3636
8573
3269
5499
2776
3586
2626
5962
2997
196
8877
3326
5664
5297
7476
6869
3945
64135
5627
2313
2736
9101
7414
2737
23236
10135
3856
9370
2316
2041
2081
1540
1577
5567
354
5786
9927
8989
6654
6416
966
4855
5300
1843
2915
5898
2740
50943
8850
4627
4191
10062
2268
27429
8323
5216
64805
6240
5167
5087
7334
55869
7273
7317
5660
4507
5688
7409
4582
7846
1495
6505
1487
7001
6517
4171
8854
3030
2253
9294
4628
2624
4069
9517
1236
5906
8856
4881
2913
3295
3673
3661
3710
23385
5515
10498
776
886
250
4688
6597
38
5734
6773
4215
5585
7184
3486
5296
10111
107
10243
3985
6608
1856
5021
7296
3455
7272
3918
11065
2731
6812
8803
3977
204
5329
4920
3035
3880
3838
3074
8454
5771
4942
5332
1441
1278
3032
10014
11337
5829
3033
1066
2673
1981
10055
95
8945
2775
4141
825
9184
5729
2706
4172
6262
790
940
29126
928
929
2773
2876
9448
58
5236
54361
4860
31
2288
5091
5426
2617
200576
2068
396
11315
7170
8797
1454
2810
3832
5687
1736
1815
3837
3912
215
4524
10075
51520
5319
2806
975
3998
4140
57142
5710
330
6118
22919
481
23175
10919
26060
3084
2870
4879
4145
8911
3572
5451
4905
599
22978
6733
3679
88
5518
5782
158
1213
6732
9126
5754
947
887
2739
9970
8824
50937
8243
1050
8607
1892
25865
27
9446
8792
2170
51741
467
5142
3980
7453
4837
5037
7472
9146
8833
5154
7434
2923
9002
347733
1857
4719
50
4831
3073
384
3930
48
28996
5424
2224
9
4722
5079
54704
10253
30849
7532
4734
6888
7520
4047
2022
4548
5214
7486
5211
8654
5106
3482
9958
5409
47
7291
1399
1410
8452
1536
1537
1639
1630
6422
409
6573
6558
3798
1524
10280
291
6570
4190
4173
1655
27123
1729
3337
1654
9368
1460
7112
5831
219
6655
5834
3376
5500
1051
1009
262
6611
375790
5713
4629
108
526
4074
37
6352
902
2180
3394
4200
3028
64087
271
4144
6295
6275
3921
11183
27010
8893
5431
5885
11197
4646
8408
6865
5631
5028
2051
440
8239
336
6188
2332
9474
34
51330
4522
8985
6272
4048
6125
11284
2017
5476
10109
2521
6472
6624
9871
7070
408
10999
950
6853
2108
573
4287
1793
7050
9846
2274
11277
55294
5859
10020
5832
8520
6898
4952
8648
5999
1141
4085
2058
5708
51752
2060
10203
59067
800
873
1138
1123
2109
6927
978
4594
3169
186
2901
9775
8787
118
4261
1145
6301
5617
5286
178
8565
5887
9138
2289
23569
5029
9100
5825
6663
7251
3054
23395
5422
2820
23365
9479
471
5683
16
5802
8718
3420
57521
5684
990
1503
1616
7082
6418
10935
10549
56922
9612
6910
10057
10097
6721
1105
2305
8473
2011
4841
5715
2091
644
91754
8729
8379
27032
491
2671
3625
708
2899
8732
4175
8836
1211
5537
8125
267
10963
4926
4967
51109
6897
6134
8809
5725
9748
6016
1967
6591
10015
11060
50506
1778
10449
5864
23770
7316
4677
5066
4502
2098
27250
8936
5126
4720
9097
103
5169
8443
8301
5257
4705
5654
1984
51592
3067
140803
3310
1839
9181
8546
7021
9963
10342
12
11004
1317
309
5536
27086
8890
5685
1718
1741
8065
55669
200186
79054
54187
7204
10939
1968
1903
5965
1108
6487
5721
686
490
5686
1973
28964
8826
7182
7101
10484
1136
7122
4303
6723
10576
1012
39
2342
5471
4641
10856
6138
55577
3836
3839
9453
1828
1962
9112
8106
6623
9049
3440
29978
26986
3938
2580
5137
9218
55737
9061
337
23530
5682
2618
4092
10672
10533
10196
23463
22938
9619
10460
3092
2118
8450
57534
23451
26503
3799
7980
9882
7143
4976
1739
1755
10987
9968
4552
29920
378
11124
10456
4644
9563
9444
22954
9129
3703
54938
2847
6638
6280
4659
9695
79577
3732
10423
2864
5704
8091
5720
9520
10213
8540
55624
10134
527
1936
535
479
4885
22
833
50485
5905
9500
22948
57492
5481
2354
5731
57448
8574
2869
1975
8013
730
5454
6344
11231
1184
4174
10801
1267
22872
5520
311
1264
8027
7025
8318
3184
996
10574
51744
10379
23607
6599
3157
9631
10266
84930
85476
2549
5589
10808
7175
6426
10131
5175
11128
2314
5238
4437
87178
9255
5024
8811
4832
70
23022
84823
223
5050
5036
10054
4637
2590
51056
83933
9533
5187
10163
27342
10938
5108
11332
8976
8682
4836
4650
8078
28976
1822
7518
9844
55959
9601
8883
6141
8661
7410
55750
1994
9361
10383
7284
10096
55157
10563
1316
11011
9962
6499
79718
3831
54386
6207
23030
5269
11127
7066
6445
3217
5702
8651
11331
7913
1642
11218
129563
1666
10663
9497
6950
1629
9201
144165
57094
7094
7092
10724
8087
3782
377
4704
7226
57505
4969
9557
1119
2969
9578
27113
4331
57551
7841
23394
832
829
9782
1891
1314
81570
6453
10483
8491
1192
29789
10403
23513
794
8021
7203
6601
11140
4897
8260
5464
25939
9972
11076
25902
7458
6187
23521
22803
6748
5198
9213
5217
7511
11260
55703
51377
25828
8761
84188
7278
10477
439
7307
7352
197131
1949
27044
79727
7407
6745
5442
10525
51343
2963
4671
3796
4259
7022
6520
60386
8879
5780
1355
9632
6386
55600
4733
8453
10540
162
7220
3069
8646
5496
8672
10051
51477
9456
5984
9052
23760
6130
5717
9208
523
1879
3148
6133
5902
1844
10613
4880
4692
5469
4520
4849
23345
80222
6351
6175
8467
57459
6193
6004
3631
5358
7174
2962
55276
9343
26354
10606
23020
7360
225
26121
24148
29924
79623
7419
51429
1983
10043
23071
5093
6143
1523
26999
10365
8508
64780
7090
10095
163
64837
10427
10765
1362
51170
4656
1933
28960
55526
3301
10049
1725
4257
6801
6427
10249
8742
5985
6305
55288
1142
6122
10402
8522
9532
257194
4762
10762
57122
57038
55704
6829
8019
56916
10048
6731
6729
4735
1207
10726
969
23759
8812
25776
4753
3609
4736
8476
6878
53905
6626
9826
9026
8407
51604
10642
8237
9943
219699
10056
9352
7384
7343
3933
55690
9043
55611
7102
6625
6124
11311
3068
8505
8667
11222
9559
463
51062
54498
23788
8894
23208
22985
7837
10061
9128
10956
6129
9513
7064
9915
6905
7011
164
23534
6547
57410
23645
93986
9785
10294
1823
6949
1496
9371
9732
6203
51780
2665
60496
10767
23369
10598
10787
9647
3215
9092
54332
8887
3996
3236
5714
3110
9774
55072
6594
2801
6596
23265
10331
11164
23473
10487
8481
22895
2134
9427
6132
26168
1203
64167
10575
8030
2181
4745
10068
3241
3843
8760
5816
10121
5801
55740
6137
7171
56262
26276
10730
2193
10594
79058
92949
8665
10914
5074
8633
5976
9373
8775
5007
8683
8899
23592
60528
2287
114112
55109
57026
51474
54947
124540
23414
10130
201595
8086
2935
116985
5878
9111
381
6738
9630
3183
1506
23191
22920
347734
6443
5558
55605
79188
6781
25932
6767
22894
10915
1155
8907
91039
29102
9698
3895
51574
91584
83732
3185
80153
3201
23186
6159
56945
5709
9861
9044
5393
8480
636
5394
5719
54536
124454
83939
4686
64151
5909
4361
5936
5309
55140
8496
259197
8614
25930
22883
9439
23406
10825
10916
908
6346
23225
80201
55695
10539
166378
6348
22827
23633
27336
10627
134430
23481
25796
8165
84295
6749
6643
55764
55229
6814
3963
23
81567
5094
51534
84172
11168
3006
7156
4343
372
55699
55697
55236
4673
6642
27316
1479
56474
1534
7818
153090
100507436
7072
10980
53981
57419
3800
4248
9440
3842
9276
10607
30818
4940
9793
6189
23090
10493
1662
10072
56896
1810
85440
8449
10521
57062
29966
10514
6430
23654
22824
63979
4603
6432
6139
22848
6860
4670
6294
23644
10236
89941
1159
10445
3219
5983
6603
3191
3234
26058
65108
9810
65080
7832
55666
10979
8703
23499
10640
64106
11051
9584
55746
166824
156
58513
8209
696
11316
1209
10970
89
84515
10845
54805
9918
2295
988
23646
9670
128239
85313
3182
6602
10527
4103
8498
64746
6191
3214
3205
3235
4975
3192
27022
9688
5955
3187
98
2834
10960
10146
30968
27043
55770
3954
4355
23244
10424
63893
11033
29128
2734
10869
9219
10713
26019
50614
7965
200081
51174
4504
5756
9690
6059
9135
8668
22930
55114
55031
55226
25782
8666
8669
23339
22882
3009
10464
6128
54821
64411
26092
55066
56949
57599
10614
23196
54539
5768
29088
114883
9325
8663
7805
6431
8662
6818
56254
8853
9416
28988
8120
8943
90293
91949
8914
80312
160
161
51692
58157
10291
23450
10992
285590
54495
50807
30000
24144
4800
4801
22796
8189
387082
51400
23332
8705
7919
9188
170506
9787
1665
1659
114757
51164
25839
9928
23303
8533
24137
29894
51081
30811
9319
9859
29115
26086
60412
51778
63973
9771
23397
23310
80273
55131
55832
58477
6780
9282
23019
5514
1315
7536
4430
10694
10152
80230
11162
3608
10425
10120
23560
29896
6434
27433
56897
65082
26130
23301
55692
56886
54623
51191
81608
85378
26091
9801
8539
9652
7411
23370
11336
6230
10199
30844
84196
8664
55720
3321
51742
55920
7812
9646
26985
8880
8904
10802
23532
10469
7111
4946
11107
7869
9894
57187
26608
51143
1781
9879
23317
51726
54505
79665
117159
8895
6904
10603
10946
10570
11325
27339
5356
29109
9669
10949
3216
54927
23098
149371
64434
25777
23198
10940
6100
9926
57130
4927
23543
79902
83540
55749
2873
6832
9989
9685
51194
23262
28969
51602
11100
84245
22908
64783
9045
23347
11171
64682
57539
9948
10910
51441
9877
114882
2794
8615
10426
3646
10160
5411
81887
5178
79590
2909
88455
56829
54206
79888
116362
9528
11052
23113
9967
421
4947
26470
6202
81037
10492
64794
57609
7266
220164
10170
22836
10973
2952
64965
126133
51116
1102
64786
81846
92304
140890
54512
23243
4839
55269
64210
55627
10526
55705
9738
22880
8500
25959
345275
11196
10994
57010
11054
26512
157
29781
10156
6050
221927
11198
25813
10250
2975
23336
171024
26270
3196
9735
2844
22822
23141
64328
10565
28981
9836
55850
55127
55660
57617
55823
5098
57669
50628
10573
114793
26155
51678
7738
3550
26057
23162
54517
10961
83696
26156
80124
158471
4678
7349
6302
84643
375056
64332
22820
64216
26958
6730
23344
1783
25923
54606
55794
23234
85458
22907
55802
9644
89953
53407
55153
10036
3233
23380
22913
2802
7917
26993
23279
58517
9689
29841
10541
9919
23640
50809
9701
129807
222229
10421
9330
65123
10432
60626
10189
55341
9567
10278
55717
51319
339983
51386
192111
23039
6238
123169
51747
29889
51451
9675
11338
25809
23367
641371
51729
23042
201626
51253
7586
7756
2976
9295
23047
54464
80232
25929
10629
116988
10314
3266
63892
8939
9382
1397
80243
29844
4236
114790
9733
85021
744
55661
83985
8971
51097
65993
55681
3218
23256
9328
220988
55154
9987
55299
55845
4335
56647
23676
57222
11273
8340
79924
54148
192670
51497
57805
92105
53371
8045
55250
80155
84284
26135
57611
116931
23248
1266
55291
10025
79711
221937
26953
79029
23143
25950
3227
10523
63922
84376
79598
54892
55198
26065
64969
79677
9908
80335
6293
23187
11169
55763
55324
11170
55379
114885
55068
55898
64175
57136
23595
79726
2852
219988
23355
9852
56132
8568
92689
55210
80149
6757
64855
23168
8352
91010
55102
54801
10772
6468
29888
55922
54468
2532
23076
84164
79585
79869
51163
56992
23398
9238
51246
9481
83548
23107
60488
64848
57696
90525
117246
27000
154215
51340
54812
54931
55201
55206
26000
23420
23246
84083
23065
222584
80018
23511
64062
91526
4076
26145
27333
359948
80267
22870
22843
55631
80789
157922
55133
55037
64943
7469
56926
84861
55082
23170
9898
10660
83858
22998
23223
51585
22984
51479
51593
60684
55684
11180
113251
5636
9329
22950
9121
3809
51138
29087
57703
9779
51603
9716
261726
22874
192669
84328
85461
138046
7936
23199
22902
51475
9554
23524
738
124997
54865
112936
64601
55596
64225
27238
4796
55833
55917
93436
83855
55083
26011
54972
79187
26173
92906
8882
64978
90957
51112
51605
80128
26015
55701
8370
23233
23080
221061
114787
84955
80028
27065
79789
374383
57488
157769
83693
79171
25920
10137
4301
55854
158763
253943
51631
7916
63897
23350
55787
114791
79654
26046
57326
79874
29066
388015
57148
79709
85456
51335
84317
27309
55308
54360
6433
79657
257160
64763
60560
57003
84267
338596
64207
79990
84310
10489
26043
55761
64318
23354
23335
55100
23518
54497
92312
25917
26128
221092
23060
54520
23041
79612
51015
161436
11249
9694
9147
22828
55700
30001
4826
124245
51608
23211
23376
55181
23185
30816
222194
51493
60493
116159
374354
56257
90850
54919
2543
4538
54839
79707
57673
79699
26579
84859
125988
79892
140710
23070
81557
126298
23271
9847
54914
84970
283742
85369
22878
25940
149986
29062
65117
6846
23215
23331
84946
23145
55218
326340
83856
57482
285527
342371
23277
23505
56267
81627
54870
126433
115098
643866
57470
23148
55622
79631
7675
143884
23053
29890
54838
23078
9897
27042
9747
140775
22994
58509
387104
401399
23325
23361
6924
6734
23063
389170
51052
9868
9730
100423062
9125
79066
339291
162968
149297
3806
55671
3808
9933
57223
3810
54969
57698
55610
100131017
3813
387680
